0.001590732546
0.0009664016268
0.0007410558734
0.0006200134891
0.0005425977715
0.0004879491394
0.0004468468488
0.0004145388448
0.0003883066851
0.0003664727542
0.0003479402808
0.0003179962511
0.0002946662352
0.0002758373515
0.0002602326842
0.000247029822
0.0002305585736
0.0002170342826
0.0002022742884
0.000190215486
0.0001801265292
0.0001695671793
0.0001591138933
0.0001491304961
0.0001398134363
0.000132114924
0.0001241465621
0.0001169347458
0.0001104209445
0.0001037226102
9.786377834e-05
9.242374399e-05
8.719948536e-05
8.248943069e-05
7.794154125e-05
7.366871593e-05
6.982791808e-05
6.621270126e-05
6.287148744e-05
5.976396767e-05
5.687041618e-05
5.418175816e-05
5.172373066e-05
4.94507619e-05
4.736117912e-05
4.543460563e-05
4.366068355e-05
4.205470916e-05
4.058305814e-05
3.924349943e-05
3.802681621e-05
3.693087559e-05
3.593721448e-05
3.504776288e-05
3.425353247e-05
3.354654668e-05
3.29227528e-05
3.237406183e-05
3.189891189e-05
3.149152029e-05
3.114821481e-05
3.086632687e-05
3.064261392e-05
3.047576535e-05
3.03645647e-05
3.030870922e-05
3.030862376e-05
3.036564753e-05
3.0482167e-05
3.066135996e-05
3.090788663e-05
3.122764853e-05
3.162772174e-05
3.21173056e-05
3.270726455e-05
3.34102922e-05
3.424191259e-05
3.522001436e-05
3.63655586e-05
3.770301845e-05
3.925991958e-05
4.106843939e-05
4.316529505e-05
4.559172078e-05
4.839454423e-05
5.162693025e-05
5.5348139e-05
5.962564959e-05
6.453495744e-05
7.016076554e-05
7.659947422e-05
