76.84317885
52.07471926
41.89159939
36.00869877
32.06412789
29.18533242
26.96578775
25.18732035
23.72101945
22.48519575
21.42524882
19.69135145
18.32236603
17.20613173
16.27347527
15.47911414
14.48149781
13.6570137
12.75183864
12.00828317
11.38348006
10.72697008
10.07452465
9.449114831
8.863470209
8.378145454
7.874471095
7.417446533
7.003693661
6.577249874
6.203422705
5.855594408
5.520870482
5.218470078
4.925873499
4.650375098
4.402180888
4.168026217
3.951091372
3.74880785
3.559929267
3.383897442
3.222442662
3.072617727
2.934350369
2.806329279
2.687897786
2.580119845
2.480781483
2.389763719
2.306473193
2.230798954
2.161493721
2.098714795
2.041855145
1.990362358
1.94395652
1.902043579
1.864509416
1.830904933
1.800925118
1.77433506
1.750818417
1.730214983
1.712343489
1.697088266
1.684365011
1.674165
1.666529717
1.661599035
1.659589249
1.660838822
1.66581726
1.675158936
1.689689445
1.71044942
1.738749086
1.776180505
1.824656584
1.886437881
1.964102998
2.060602199
2.179225987
2.323562867
2.497521975
2.705353827
2.951622215
3.241346573
3.580009911
3.97366661
4.429149293
