125.3220003
74.47207516
56.43574009
46.8690521
40.8076178
36.55953066
33.38257706
30.89677819
28.88602323
27.21762317
25.80521973
23.53025989
21.76375872
20.34172278
19.16553091
18.17192486
16.93418057
15.91924358
14.81274872
13.90946835
13.15408533
12.3636544
11.58114166
10.83356041
10.13542299
9.558036
8.959684044
8.417279296
7.926447895
7.420534511
6.976790217
6.563471857
6.165097892
5.804440415
5.454556155
5.124040102
4.825140776
4.541909737
4.278183816
4.030868371
3.798463336
3.580317999
3.378667237
3.189945181
3.014172087
2.849809964
2.696150352
2.554762127
2.422950524
2.300760613
2.187625614
2.083649889
1.987381564
1.899310925
1.818877375
1.745590234
1.679342654
1.619574924
1.566403508
1.519454868
1.478546285
1.443570739
1.41429481
1.390665641
1.37257506
1.359960298
1.352763601
1.350961268
1.354547063
1.363528742
1.377946064
1.397860048
1.423333948
1.454482486
1.491429887
1.534306218
1.583293734
1.638580737
1.700386467
1.768965815
1.844568771
1.927503922
2.018109531
2.116735305
2.223770151
2.33964757
2.464814211
2.599779052
2.745075649
2.901271041
3.069001169
