49.99305494
35.28250146
28.95927722
25.04949215
22.4397343
20.48298779
18.9769697
17.75279681
16.73897965
15.88027055
15.14185339
13.91757432
12.95122691
12.16290545
11.50850544
10.95562927
10.26498621
9.692112332
9.060886376
8.541907631
8.099573184
7.628371101
7.155191937
6.701090347
6.269081714
5.915929612
5.553109699
5.230189581
4.942211943
4.648793462
4.388145481
4.144744839
3.905392866
3.683706967
3.466568511
3.259168308
3.073134225
2.899095019
2.740050124
2.593294747
2.464944425
2.351271446
2.247656821
2.153133104
2.07297567
2.003866237
1.939297592
1.872598795
1.809804654
1.748170298
1.693626414
1.645285148
1.609285057
1.587408528
1.577256349
1.578811411
1.582356965
1.586171225
1.577676922
1.566555134
1.55216076
1.532347382
1.511391786
1.499261217
1.497068804
1.498105909
1.507159953
1.514299459
1.50963098
1.482540288
1.431531521
1.368421111
1.291759191
1.228123381
1.176518887
1.146441112
1.135058617
1.129726785
1.131740202
1.132624985
1.146209888
1.1646041
1.191309004
1.246088809
1.309141282
1.375639011
1.437407169
1.470305646
1.443312159
1.241572252
0.9400949478
