77.18676303
54.81524693
45.02060448
38.8175576
34.69074222
31.6396352
29.32295791
27.4662281
25.89052822
24.52872086
23.38246897
21.52059893
20.02561547
18.78439353
17.76744637
16.89309012
15.80008949
14.89662577
13.91741091
13.11108784
12.43256453
11.71942509
11.01605574
10.33659243
9.690708578
9.144309239
8.569908682
8.047379649
7.582749402
7.116381283
6.722811545
6.358064713
6.012982137
5.699639195
5.386150936
5.095291148
4.820459157
4.554783701
4.300708686
4.063237096
3.834313475
3.61596858
3.420664911
3.223028763
3.038884972
2.877578573
2.746172503
2.635947679
2.550206161
2.480246119
2.417742395
2.352037732
2.28678653
2.233428031
2.185695813
2.152472602
2.12524565
2.093142328
2.054796085
2.016063509
1.96749513
1.916654263
1.870071031
1.824741231
1.781375488
1.736993597
1.692803441
1.647727875
1.624006531
1.620826432
1.61313726
1.614299779
1.621314875
1.621950569
1.599498511
1.560633936
1.497453527
1.430225133
1.382179585
1.355165336
1.358144249
1.364449145
1.365676299
1.311148803
1.214888164
1.131018441
1.072194942
1.075320453
1.171468387
1.359674875
1.499226337
