0.001300176654
0.0009410672944
0.0007554295719
0.0006017504316
0.0005375331641
0.0004882862621
0.0004648950522
0.0004300036108
0.0003951958259
0.0003723761065
0.0003562664746
0.0003328696431
0.0003048953073
0.0002894314826
0.000270528819
0.000257074504
0.0002415404237
0.0002282450061
0.0002116058183
0.0001992031364
0.0001888592491
0.0001779544236
0.0001662512309
0.0001559627784
0.0001459551261
0.0001378745218
0.000129462672
0.0001220141174
0.0001148840829
0.0001075169603
0.0001010780307
9.518776847e-05
8.924953484e-05
8.390327867e-05
7.889160371e-05
7.4101805e-05
6.975299876e-05
6.564274427e-05
6.195040534e-05
5.849981028e-05
5.527576833e-05
5.223197004e-05
4.950401637e-05
4.712772654e-05
4.513502356e-05
4.3299247e-05
4.167777574e-05
4.006851263e-05
3.839692054e-05
3.663832518e-05
3.495666037e-05
3.336431456e-05
3.182092626e-05
3.036138411e-05
2.897176633e-05
2.766006702e-05
2.654191203e-05
2.568299046e-05
2.516357669e-05
2.484663873e-05
2.475838604e-05
2.472146819e-05
2.478579722e-05
2.484924228e-05
2.492847617e-05
2.511130875e-05
2.5348999e-05
2.571980771e-05
2.595855115e-05
2.613265374e-05
2.606433611e-05
2.577579433e-05
2.524305243e-05
2.458015419e-05
2.382066276e-05
2.331506962e-05
2.29848734e-05
2.250827662e-05
2.209156757e-05
2.206032713e-05
2.209789991e-05
2.214618514e-05
2.238911362e-05
2.288143066e-05
2.340027025e-05
2.390692866e-05
2.461670205e-05
2.497914393e-05
2.602181295e-05
2.946407609e-05
3.255432641e-05
