0.001545891035
0.0009585432703
0.0007424917148
0.0006249526601
0.0005490881153
0.0004951660127
0.0004543929436
0.0004222061505
0.0003959803724
0.000374087458
0.0003554583976
0.0003252669169
0.0003016651298
0.0002825661383
0.0002667031167
0.0002532571672
0.0002364510401
0.0002226253742
0.0002075089782
0.00019513734
0.0001847713295
0.0001739065973
0.000163134834
0.0001528314284
0.0001432007602
0.0001352313195
0.0001269702066
0.0001194814641
0.0001127065798
0.0001057274608
9.961132489e-05
9.39210755e-05
8.844463425e-05
8.34955687e-05
7.870459746e-05
7.419042021e-05
7.011999418e-05
6.627565277e-05
6.270942783e-05
5.937908687e-05
5.626412213e-05
5.33554116e-05
5.068184857e-05
4.819503554e-05
4.589417232e-05
4.375790149e-05
4.17757411e-05
3.996615508e-05
3.829268062e-05
3.675396325e-05
3.534067751e-05
3.405169196e-05
3.28664743e-05
3.178839763e-05
3.080773608e-05
2.991558015e-05
2.910763172e-05
2.837400233e-05
2.77130503e-05
2.711711958e-05
2.658088842e-05
2.610007971e-05
2.566867936e-05
2.528318979e-05
2.493935623e-05
2.463368266e-05
2.43626635e-05
2.412353535e-05
2.391352136e-05
2.373076436e-05
2.357332846e-05
2.343996126e-05
2.332999396e-05
2.324317254e-05
2.318000348e-05
2.314177769e-05
2.313067227e-05
2.315000019e-05
2.320441496e-05
2.330021752e-05
2.344563064e-05
2.365127876e-05
2.393061616e-05
2.43003307e-05
2.478088912e-05
2.539703398e-05
2.617798282e-05
2.715793166e-05
2.837592086e-05
2.987576035e-05
3.170619648e-05
