0.001242860665
0.0009600056415
0.0007524505591
0.0005868448486
0.0005180772451
0.0004762123993
0.0004601327279
0.0004262590595
0.0003876834453
0.0003653495067
0.0003502123948
0.0003277551689
0.0002974770158
0.0002847802637
0.0002646439853
0.000251787366
0.0002355237337
0.0002241925208
0.0002078643473
0.0001951642766
0.0001854275904
0.0001748976581
0.0001640057578
0.0001540836463
0.0001439892101
0.0001359866445
0.0001274380401
0.0001197791561
0.0001126619641
0.0001052799681
9.877529098e-05
9.295224456e-05
8.726895187e-05
8.226386638e-05
7.746601967e-05
7.308991765e-05
6.925603287e-05
6.560611127e-05
6.224039086e-05
5.917913845e-05
5.619819277e-05
5.339132965e-05
5.07421802e-05
4.835985891e-05
4.59863977e-05
4.377336347e-05
4.180973615e-05
4.001494197e-05
3.837416156e-05
3.692260934e-05
3.574478352e-05
3.474749215e-05
3.37979083e-05
3.291574478e-05
3.222035657e-05
3.15318996e-05
3.096984898e-05
3.059863136e-05
3.049690534e-05
3.047265734e-05
3.048421413e-05
3.052221927e-05
3.054733005e-05
3.061096283e-05
3.062590484e-05
3.071953669e-05
3.086127936e-05
3.126201116e-05
3.192390446e-05
3.291453437e-05
3.430240095e-05
3.580217305e-05
3.724914789e-05
3.837075229e-05
3.884118334e-05
3.845609216e-05
3.72494446e-05
3.50871521e-05
3.3047737e-05
3.259577243e-05
3.393821606e-05
3.606538681e-05
3.851553503e-05
4.145669174e-05
4.513600259e-05
4.939390742e-05
5.439719575e-05
6.05415562e-05
6.771942435e-05
7.553295836e-05
8.597180798e-05
