72.02776668
44.34832621
34.23385023
28.7549305
25.22925295
22.72886056
20.84139099
19.35337795
18.14224167
17.132087
16.27315443
14.88230285
13.7960091
12.91755788
12.18832375
11.57045453
10.79847184
10.16361153
9.469668046
8.901839374
8.42611691
7.927531847
7.433207262
6.960334982
6.518264075
6.152362687
5.772954481
5.42888324
5.117466057
4.796478978
4.514993264
4.252912478
4.000462501
3.772103055
3.550800253
3.342028524
3.153529916
2.975247463
2.809608269
2.654672339
2.509507096
2.373712656
2.248673462
2.132167215
2.024199775
1.923818177
1.830584622
1.745430541
1.666709039
1.594431535
1.528241518
1.468171347
1.413356991
1.364052496
1.319908283
1.280623848
1.246109777
1.216046118
1.19046272
1.169147136
1.151991823
1.138927335
1.129849156
1.124731696
1.123543434
1.126277913
1.13295172
1.143596446
1.158281383
1.177061984
1.20005157
1.227371677
1.259139896
1.295531813
1.336724091
1.382894757
1.434272698
1.49108655
1.553591429
1.622072889
1.696806506
1.778121252
1.866370249
1.961913409
2.065144769
2.176497686
2.296414804
2.425395515
2.563959938
2.712657754
2.87210211
