70.9416495
50.4295586
41.24089824
35.70044161
31.94747288
29.16914119
27.01115252
25.2601821
23.80216233
22.57098862
21.51658133
19.78662454
18.40341232
17.28342029
16.34821362
15.55775972
14.56174843
13.73895565
12.82926538
12.07725901
11.44267977
10.77894167
10.1196262
9.488601482
8.892180812
8.400674133
7.891873038
7.429109325
7.020868418
6.605022613
6.233364381
5.88801912
5.561310831
5.266106988
4.975686553
4.708002058
4.47320101
4.250782761
4.03944569
3.83269177
3.633059208
3.445839252
3.266837856
3.089823347
2.922343544
2.778626783
2.656221301
2.557561452
2.485499006
2.428782649
2.380428879
2.337483138
2.295203075
2.249878282
2.206778897
2.173367308
2.13759422
2.097232687
2.056189446
2.018497034
1.98249475
1.952594697
1.924759411
1.898998026
1.866156036
1.820422668
1.765924782
1.709774788
1.654691056
1.603376768
1.568945653
1.539089357
1.496154059
1.462804144
1.464760682
1.455803335
1.465623145
1.513736591
1.594391928
1.697745208
1.826827709
1.977078587
2.129964621
2.312972862
2.531130383
2.761439212
3.01429865
3.336288005
3.733686177
4.187008646
4.734492952
