0.001849272616
0.001157566702
0.0009831314101
0.0008081146537
0.000735436311
0.000660695938
0.0006197121735
0.0005759857453
0.0005412174519
0.0005146431667
0.0004887734404
0.0004503528329
0.0004183408761
0.000393857988
0.0003716242606
0.0003535215343
0.0003311813767
0.000312446067
0.0002918983158
0.0002749578338
0.0002605950629
0.0002457312152
0.0002312468092
0.0002170118329
0.000204304953
0.0001934196753
0.0001819562331
0.0001715507929
0.0001618603322
0.0001515392992
0.000142494604
0.000134127757
0.0001261004451
0.0001187125172
0.0001117104777
0.0001052724384
9.950421395e-05
9.412323349e-05
8.956103091e-05
8.535378008e-05
8.102379592e-05
7.700541104e-05
7.318030782e-05
6.887945231e-05
6.454005396e-05
6.058410509e-05
5.70028442e-05
5.388147986e-05
5.139616448e-05
4.945061717e-05
4.78412303e-05
4.64086373e-05
4.496675572e-05
4.359344042e-05
4.259679067e-05
4.198835153e-05
4.187480216e-05
4.214340822e-05
4.277027032e-05
4.369244565e-05
4.472945057e-05
4.588247248e-05
4.722704326e-05
4.85800589e-05
4.980092155e-05
5.078763485e-05
5.152249681e-05
5.19724165e-05
5.238310327e-05
5.267268789e-05
5.314621862e-05
5.348238627e-05
5.356052076e-05
5.358184225e-05
5.402819934e-05
5.47842144e-05
5.550516393e-05
5.607546588e-05
5.657992601e-05
5.587992809e-05
5.470773698e-05
5.279906039e-05
4.977021419e-05
4.616420986e-05
4.183119604e-05
3.536125181e-05
3.046097268e-05
2.979451965e-05
3.31132687e-05
3.764702391e-05
4.341756986e-05
