0.001675635576
0.001159933683
0.0009403177027
0.0008114697477
0.0007243106203
0.0006603350601
0.0006108102418
0.0005710075274
0.0005381144911
0.0005103398592
0.0004864815074
0.0004473833545
0.0004164549696
0.0003912000538
0.0003700741641
0.000352063773
0.0003294232944
0.0003106940698
0.0002901134427
0.0002731931608
0.0002589651523
0.0002440050922
0.0002291272173
0.0002148556903
0.0002014820799
0.0001903919135
0.0001788747534
0.0001684169219
0.0001589425904
0.0001491703047
0.0001405969205
0.0001326133558
0.0001249240032
0.0001179710012
0.0001112371787
0.0001048906516
9.916748738e-05
9.376281471e-05
8.875085863e-05
8.407328545e-05
7.970234535e-05
7.562634577e-05
7.188678733e-05
6.841700073e-05
6.52170628e-05
6.225857802e-05
5.952858517e-05
5.705386009e-05
5.478595978e-05
5.272491348e-05
5.086012293e-05
4.919188443e-05
4.769575774e-05
4.637830387e-05
4.522951898e-05
4.42411422e-05
4.341050728e-05
4.272969268e-05
4.219916128e-05
4.18141066e-05
4.157249221e-05
4.147312675e-05
4.151521466e-05
4.16991526e-05
4.202605041e-05
4.249754121e-05
4.311653597e-05
4.388600477e-05
4.481090021e-05
4.589470836e-05
4.714396407e-05
4.856510915e-05
5.01641119e-05
5.194962084e-05
5.393004129e-05
5.611366887e-05
5.851104834e-05
6.113254607e-05
6.398963244e-05
6.709505626e-05
7.046102578e-05
7.410208894e-05
7.803379869e-05
8.227195141e-05
8.683381241e-05
9.173833833e-05
9.700485421e-05
0.0001026551423
0.0001087118557
0.00011519891
0.0001221429597
