0.01000829687
0.02001659373
0.0300248906
0.04003318747
0.05004148434
0.0600497812
0.07005807807
0.08006637494
0.09007467181
0.1000829687
0.1100912655
0.1301078593
0.150124453
0.1701410467
0.1901576405
0.2101742342
0.2401991248
0.2702240154
0.3102572029
0.3502903904
0.3903235778
0.4403650622
0.5004148434
0.5704729214
0.6505392964
0.7306056713
0.83068864
0.9407799055
1.060879468
1.211003921
1.371136671
1.551286014
1.761460249
1.991651077
2.261875092
2.572132295
2.912414388
3.302737966
3.743103028
4.243517872
4.813990793
5.46453009
6.195135761
7.025824401
7.966604306
9.037492071
10.25850429
11.62964096
13.19093527
14.96240382
16.97407149
19.24595488
21.83810376
24.77053475
28.09328931
31.86641723
36.13995999
41.00399227
46.50855554
52.75373279
59.83960697
67.86626106
76.9838195
87.32239017
99.0521141
112.3531406
127.4456523
144.55984
163.9859442
186.0041973
210.9849063
239.328403
271.4650442
307.9252697
349.2895607
396.1984481
449.4125625
509.7726009
578.2393598
655.9137518
744.0067808
843.9296167
957.2835871
1085.860177
1231.701079
1397.138226
1584.783784
1797.640242
2039.090404
2312.957439
2623.624982
